Classes             
0         19136     
1         13        
2         185       
3         324       
4         190       
5         11        
6         104       
7         59        
8         76        
Total     20098     
Shape: 450       
partition_1_100      1    2    3    4    5    6    7    8    
1      288    192    1    19   32   19   1    11   5    8    
2      288    192    1    19   32   19   1    10   6    8    
3      288    192    1    18   33   19   1    10   6    8    
4      288    192    1    18   33   19   1    10   6    8    
5      288    191    2    18   33   19   1    10   6    8    
6      288    191    2    18   33   19   1    10   6    8    
7      287    191    2    18   32   19   2    10   6    7    
8      287    191    1    19   32   19   1    11   6    7    
9      287    191    1    19   32   19   1    11   6    7    
10     287    191    1    19   32   19   1    11   6    7    
Total  2876   1914   13   185  324  190  11   104  59   76   
class,count: 1    288  
class,count: 2    288  
class,count: 3    288  
class,count: 4    288  
class,count: 5    288  
class,count: 6    288  
class,count: 7    287  
class,count: 8    287  
class,count: 9    287  
class,count: 10   287  
