Classes             
0         19136     
1         13        
2         185       
3         324       
4         190       
5         11        
6         104       
7         59        
8         76        
Total     20098     
Shape: 450       
partition_1_2 0      1    2    3    4    5    6    7    8    
1      1053   957    2    18   32   19   2    10   6    7    
2      1053   957    1    19   32   19   1    11   6    7    
3      1053   957    1    19   32   19   1    11   6    7    
4      1053   957    1    19   32   19   1    11   6    7    
5      1053   957    1    19   32   19   1    11   5    8    
6      1053   957    1    19   32   19   1    10   6    8    
7      1053   957    1    18   33   19   1    10   6    8    
8      1053   957    1    18   33   19   1    10   6    8    
9      1053   956    2    18   33   19   1    10   6    8    
10     1053   956    2    18   33   19   1    10   6    8    
Total  10530  9568   13   185  324  190  11   104  59   76   
class,count: 1    1053 
class,count: 2    1053 
class,count: 3    1053 
class,count: 4    1053 
class,count: 5    1053 
class,count: 6    1053 
class,count: 7    1053 
class,count: 8    1053 
class,count: 9    1053 
class,count: 10   1053 
