       coarse                      fine        
1   0.842,0.837        1   0.821,0.814
2   0.850,0.845        2   0.827,0.819
3   0.851,0.846        3   0.826,0.821
4   0.849,0.842        4   0.828,0.820
5   0.851,0.846        5   0.828,0.820
6   0.855,0.852        6   0.827,0.816
7   0.856,0.853        7   0.829,0.817
8   0.854,0.851        8   0.835,0.821
9   0.858,0.855        9   0.837,0.828
10  0.857,0.854        10  0.834,0.827
11  0.857,0.855        11  0.838,0.827
12  0.857,0.855        12  0.837,0.833
13  0.859,0.856        13  0.840,0.831
14  0.857,0.856        14  0.840,0.831
15  0.859,0.858        15  0.841,0.833
16  0.859,0.858        16  0.844,0.841
17  0.859,0.859        17  0.843,0.844
18  0.860,0.860        18  0.838,0.841
19  0.861,0.862        19  0.840,0.843
20  0.861,0.862        20  0.842,0.848
21  0.861,0.862        21  0.844,0.850
22  0.857,0.859        22  0.856,0.856
23  0.860,0.860        23  0.854,0.855
24  0.859,0.860        24  0.855,0.854
25  0.859,0.861        25  0.856,0.857
26  0.860,0.862        26  0.858,0.861
27  0.866,0.864        27  0.857,0.859
28  0.866,0.864        28  0.857,0.859
29  0.866,0.864        29  0.858,0.861
30  0.866,0.864        30  0.861,0.867
31  0.868,0.865        31  0.861,0.868
32  0.869,0.866        32  0.862,0.869
33  0.869,0.866        33  0.866,0.871
34  0.871,0.867        34  0.867,0.872
35  0.871,0.867        35  0.869,0.874
36  0.870,0.866        36  0.867,0.872
37  0.873,0.869        37  0.866,0.870
38  0.873,0.868        38  0.868,0.870
39  0.872,0.868        39  0.868,0.870
40  0.876,0.868        40  0.869,0.871
41  0.875,0.868        41  0.871,0.874
42  0.875,0.868        42  0.871,0.874
43  0.874,0.868        43  0.871,0.876
44  0.875,0.868        44  0.875,0.879
45  0.873,0.866        45  0.873,0.878
46  0.875,0.868        46  0.873,0.879
47  0.875,0.868        47  0.873,0.880
48  0.875,0.867        48  0.872,0.879
49  0.878,0.871        49  0.872,0.879
50  0.876,0.868        50  0.875,0.881
51  0.877,0.869        51  0.875,0.881
52  0.877,0.870        52  0.874,0.881
53  0.877,0.869        53  0.874,0.880
54  0.879,0.872        54  0.874,0.882
55  0.879,0.872        55  0.877,0.883
56  0.879,0.872        56  0.878,0.884
57  0.880,0.871        57  0.879,0.884
58  0.881,0.872        58  0.878,0.883
59  0.881,0.873        59  0.879,0.884
60  0.880,0.873        60  0.879,0.884
61  0.880,0.872        61  0.878,0.884
62  0.881,0.874        62  0.879,0.885
63  0.881,0.874        63  0.878,0.884
64  0.881,0.874        64  0.878,0.884
65  0.881,0.875        65  0.878,0.884
66  0.881,0.876        66  0.877,0.885
67  0.880,0.875        67  0.875,0.883
68  0.880,0.875        68  0.875,0.883
69  0.882,0.876        69  0.877,0.884
70  0.883,0.878        70  0.877,0.884
71  0.883,0.877        71  0.878,0.884
72  0.883,0.877        72  0.880,0.886
73  0.882,0.877        73  0.880,0.885
74  0.884,0.877        74  0.879,0.885
75  0.884,0.877        75  0.879,0.885
76  0.884,0.877        76  0.880,0.886
77  0.884,0.877        77  0.880,0.886
78  0.884,0.877        78  0.878,0.885
79  0.884,0.876        79  0.878,0.885
80  0.885,0.877        80  0.879,0.886
81  0.885,0.877        81  0.879,0.886
82  0.883,0.877        82  0.880,0.887
83  0.884,0.878        83  0.877,0.884
84  0.885,0.878        84  0.877,0.885
85  0.885,0.879        85  0.878,0.885
86  0.885,0.879        86  0.877,0.885
87  0.885,0.879        87  0.876,0.885
88  0.885,0.879        88  0.878,0.887
89  0.885,0.879        89  0.879,0.887
90  0.884,0.879        90  0.879,0.887
91  0.886,0.880        91  0.879,0.886
92  0.886,0.880        92  0.879,0.887
93  0.885,0.879        93  0.877,0.885
94  0.885,0.880        94  0.878,0.886
95  0.886,0.880        95  0.877,0.886
96  0.886,0.880        96  0.878,0.887
97  0.887,0.880        97  0.878,0.887
98  0.888,0.881        98  0.879,0.888
99  0.888,0.883        99  0.879,0.888
100 0.888,0.882        100 0.880,0.888
101 0.889,0.882        101 0.880,0.889
102 0.892,0.884        102 0.879,0.888
103 0.892,0.885        103 0.879,0.888
104 0.893,0.885        104 0.878,0.888
105 0.892,0.884        105 0.878,0.888
106 0.893,0.884        106 0.878,0.887
107 0.893,0.885        107 0.877,0.882
108 0.893,0.884        108 0.878,0.882
109 0.894,0.884        109 0.879,0.888
110 0.894,0.885        110 0.879,0.889
111 0.895,0.885        111 0.879,0.888
112 0.895,0.885        112 0.878,0.888
113 0.895,0.885        113 0.878,0.888
114 0.896,0.886        114 0.878,0.888
115 0.896,0.886        115 0.877,0.887
116 0.895,0.886        116 0.879,0.889
117 0.895,0.886        117 0.880,0.890
118 0.896,0.885        118 0.880,0.889
119 0.896,0.885        119 0.881,0.890
120 0.895,0.884        120 0.881,0.890
121 0.895,0.884        121 0.881,0.890
122 0.898,0.885        122 0.882,0.892
123 0.898,0.885        123 0.882,0.891
124 0.898,0.885        124 0.883,0.892
125 0.898,0.885        125 0.883,0.892
126 0.898,0.885        126 0.883,0.892
127 0.898,0.885        127 0.883,0.892
128 0.897,0.885        128 0.884,0.893
129 0.897,0.885        129 0.883,0.892
130 0.896,0.884        130 0.883,0.886
131 0.896,0.884        131 0.884,0.888
132 0.896,0.885        132 0.887,0.890
133 0.896,0.884        133 0.887,0.890
134 0.898,0.886        134 0.887,0.890
135 0.899,0.887        135 0.885,0.889
136 0.898,0.886        136 0.885,0.889
137 0.898,0.886        137 0.885,0.888
138 0.899,0.886        138 0.884,0.888
139 0.900,0.887        139 0.884,0.888
140 0.900,0.887        140 0.886,0.895
141 0.900,0.887        141 0.885,0.894
142 0.901,0.888        142 0.885,0.894
143 0.900,0.887        143 0.885,0.894
144 0.900,0.887        144 0.885,0.894
145 0.900,0.887        145 0.885,0.894
146 0.900,0.887        146 0.885,0.894
147 0.900,0.888        147 0.885,0.894
148 0.901,0.891        148 0.885,0.894
149 0.901,0.890        149 0.886,0.894
150 0.900,0.890        150 0.886,0.894
151 0.900,0.890        151 0.886,0.895
152 0.901,0.890        152 0.887,0.895
153 0.900,0.890        153 0.886,0.895
154 0.900,0.890        154 0.887,0.895
155 0.900,0.890        155 0.887,0.895
156 0.900,0.891        156 0.887,0.895
157 0.898,0.890        157 0.887,0.894
158 0.898,0.890        158 0.887,0.894
159 0.900,0.892        159 0.886,0.895
160 0.900,0.892        160 0.884,0.893
161 0.901,0.892        161 0.884,0.892
162 0.901,0.892        162 0.883,0.892
163 0.901,0.893        163 0.883,0.893
164 0.902,0.893        164 0.884,0.893
165 0.902,0.892        165 0.885,0.893
166 0.902,0.892        166 0.886,0.894
167 0.903,0.894        167 0.887,0.895
168 0.904,0.894        168 0.888,0.896
169 0.903,0.894        169 0.888,0.897
170 0.904,0.894        170 0.888,0.896
171 0.904,0.895        171 0.889,0.891
