       coarse                      fine        
1   0.845,0.842        1   0.809,0.805
2   0.847,0.844        2   0.807,0.801
3   0.848,0.847        3   0.813,0.812
4   0.853,0.850        4   0.821,0.826
5   0.856,0.853        5   0.810,0.821
6   0.867,0.863        6   0.819,0.829
7   0.869,0.865        7   0.819,0.834
8   0.868,0.864        8   0.822,0.848
9   0.868,0.866        9   0.824,0.850
10  0.873,0.867        10  0.825,0.853
11  0.878,0.873        11  0.830,0.857
12  0.879,0.876        12  0.839,0.863
13  0.882,0.878        13  0.844,0.862
14  0.882,0.877        14  0.848,0.871
15  0.886,0.879        15  0.850,0.872
16  0.886,0.879        16  0.849,0.872
17  0.886,0.878        17  0.853,0.875
18  0.887,0.880        18  0.853,0.869
19  0.889,0.881        19  0.856,0.877
20  0.888,0.881        20  0.855,0.876
21  0.889,0.885        21  0.853,0.875
22  0.888,0.885        22  0.855,0.877
23  0.889,0.888        23  0.856,0.878
24  0.887,0.888        24  0.859,0.879
25  0.891,0.891        25  0.856,0.872
26  0.892,0.887        26  0.856,0.872
27  0.897,0.892        27  0.857,0.873
28  0.898,0.892        28  0.857,0.874
29  0.898,0.892        29  0.857,0.873
30  0.897,0.890        30  0.862,0.876
31  0.898,0.891        31  0.860,0.875
32  0.898,0.891        32  0.861,0.875
33  0.899,0.891        33  0.862,0.876
34  0.900,0.893        34  0.861,0.875
35  0.902,0.890        35  0.862,0.876
36  0.902,0.895        36  0.862,0.876
37  0.900,0.888        37  0.861,0.875
38  0.900,0.889        38  0.863,0.876
39  0.901,0.888        39  0.863,0.876
40  0.901,0.887        40  0.861,0.875
41  0.902,0.888        41  0.865,0.876
42  0.902,0.888        42  0.869,0.878
43  0.902,0.888        43  0.870,0.885
44  0.902,0.887        44  0.870,0.885
45  0.900,0.887        45  0.873,0.886
46  0.900,0.887        46  0.874,0.887
47  0.900,0.888        47  0.876,0.888
48  0.900,0.889        48  0.878,0.889
49  0.900,0.888        49  0.878,0.890
50  0.900,0.889        50  0.879,0.890
51  0.898,0.888        51  0.878,0.890
52  0.900,0.889        52  0.880,0.891
53  0.900,0.889        53  0.879,0.891
54  0.900,0.890        54  0.879,0.890
55  0.900,0.889        55  0.878,0.890
56  0.900,0.890        56  0.879,0.890
57  0.901,0.891        57  0.879,0.890
58  0.901,0.896        58  0.880,0.891
59  0.901,0.890        59  0.878,0.890
60  0.900,0.895        60  0.878,0.890
61  0.900,0.895        61  0.879,0.891
62  0.900,0.895        62  0.879,0.891
63  0.900,0.896        63  0.881,0.892
64  0.898,0.894        64  0.881,0.892
65  0.898,0.895        65  0.882,0.892
66  0.898,0.895        66  0.882,0.893
67  0.900,0.896        67  0.882,0.892
68  0.899,0.896        68  0.881,0.891
69  0.899,0.896        69  0.879,0.891
70  0.899,0.897        70  0.880,0.886
71  0.899,0.896        71  0.880,0.885
72  0.898,0.895        72  0.881,0.886
73  0.898,0.896        73  0.882,0.887
74  0.898,0.896        74  0.880,0.886
75  0.898,0.896        75  0.880,0.886
76  0.897,0.895        76  0.879,0.885
77  0.896,0.895        77  0.880,0.886
78  0.896,0.895        78  0.880,0.886
79  0.895,0.896        79  0.881,0.887
80  0.895,0.896        80  0.883,0.888
81  0.894,0.895        81  0.882,0.888
82  0.894,0.895        82  0.882,0.888
83  0.894,0.895        83  0.883,0.888
84  0.894,0.895        84  0.883,0.888
85  0.894,0.896        85  0.883,0.888
86  0.895,0.896        86  0.882,0.888
87  0.895,0.896        87  0.883,0.888
88  0.895,0.895        88  0.884,0.888
89  0.896,0.895        89  0.884,0.888
90  0.895,0.896        90  0.886,0.889
91  0.894,0.895        91  0.888,0.890
92  0.895,0.895        92  0.887,0.890
93  0.895,0.895        93  0.889,0.891
94  0.895,0.896        94  0.889,0.891
95  0.894,0.895        95  0.889,0.891
96  0.895,0.895        96  0.889,0.891
97  0.893,0.894        97  0.888,0.891
98  0.894,0.895        98  0.887,0.890
99  0.894,0.895        99  0.887,0.890
100 0.894,0.894        100 0.888,0.891
101 0.894,0.894        101 0.889,0.891
102 0.894,0.894        102 0.889,0.891
103 0.895,0.895        103 0.889,0.891
104 0.894,0.894        104 0.889,0.891
105 0.894,0.894        105 0.889,0.891
106 0.894,0.894        106 0.889,0.892
107 0.894,0.894        107 0.888,0.891
108 0.895,0.895        108 0.888,0.891
109 0.894,0.896        109 0.887,0.890
110 0.894,0.895        110 0.887,0.890
111 0.895,0.896        111 0.887,0.890
112 0.896,0.897        112 0.887,0.890
113 0.896,0.896        113 0.888,0.891
114 0.896,0.896        114 0.887,0.890
115 0.895,0.896        115 0.887,0.891
116 0.896,0.897        116 0.888,0.891
117 0.896,0.898        117 0.888,0.891
118 0.897,0.898        118 0.888,0.891
119 0.897,0.898        119 0.889,0.892
120 0.897,0.898        120 0.889,0.892
121 0.897,0.897        121 0.889,0.892
122 0.897,0.897        122 0.889,0.892
123 0.897,0.897        123 0.892,0.893
124 0.899,0.899        124 0.891,0.892
125 0.899,0.899        125 0.891,0.892
126 0.900,0.899        126 0.891,0.892
127 0.902,0.901        127 0.891,0.892
128 0.901,0.900        128 0.891,0.892
129 0.902,0.900        129 0.891,0.892
130 0.902,0.900        130 0.892,0.893
131 0.902,0.900        131 0.892,0.892
132 0.902,0.900        132 0.892,0.892
133 0.902,0.900        133 0.891,0.892
134 0.901,0.899        134 0.891,0.892
135 0.901,0.899        135 0.892,0.893
136 0.901,0.899        136 0.891,0.892
137 0.901,0.899        137 0.891,0.892
138 0.901,0.900        138 0.891,0.892
139 0.901,0.900        139 0.891,0.892
140 0.901,0.900        140 0.891,0.892
141 0.901,0.900        141 0.891,0.892
142 0.900,0.900        142 0.892,0.892
143 0.900,0.900        143 0.892,0.893
144 0.902,0.901        144 0.891,0.892
145 0.902,0.901        145 0.891,0.892
146 0.902,0.901        146 0.891,0.892
147 0.902,0.902        147 0.892,0.893
148 0.902,0.902        148 0.892,0.893
149 0.903,0.902        149 0.892,0.893
150 0.903,0.896        150 0.891,0.893
151 0.905,0.896        151 0.891,0.893
152 0.906,0.897        152 0.891,0.893
153 0.906,0.897        153 0.892,0.893
154 0.906,0.897        154 0.892,0.893
155 0.906,0.897        155 0.892,0.893
156 0.906,0.897        156 0.892,0.893
157 0.906,0.897        157 0.892,0.893
158 0.906,0.897        158 0.891,0.892
159 0.906,0.898        159 0.890,0.892
160 0.905,0.897        160 0.890,0.892
161 0.905,0.897        161 0.890,0.892
162 0.905,0.897        162 0.890,0.892
163 0.905,0.897        163 0.889,0.891
164 0.905,0.897        164 0.892,0.893
165 0.905,0.897        165 0.892,0.893
166 0.905,0.898        166 0.892,0.893
167 0.905,0.898        167 0.892,0.893
168 0.906,0.898        168 0.888,0.890
169 0.905,0.898        169 0.888,0.890
170 0.905,0.898        170 0.888,0.890
171 0.903,0.897        171 0.888,0.890
