       coarse                      fine        
1   0.838,0.837        1   0.813,0.809
2   0.837,0.838        2   0.811,0.806
3   0.838,0.839        3   0.815,0.808
4   0.839,0.844        4   0.817,0.809
5   0.843,0.847        5   0.823,0.814
6   0.841,0.847        6   0.825,0.817
7   0.842,0.849        7   0.821,0.816
8   0.844,0.850        8   0.828,0.824
9   0.842,0.848        9   0.827,0.827
10  0.843,0.849        10  0.834,0.835
11  0.842,0.850        11  0.840,0.843
12  0.844,0.853        12  0.839,0.847
13  0.844,0.854        13  0.840,0.847
14  0.846,0.856        14  0.846,0.853
15  0.843,0.852        15  0.847,0.856
16  0.847,0.855        16  0.848,0.858
17  0.851,0.858        17  0.848,0.857
18  0.853,0.860        18  0.847,0.858
19  0.853,0.861        19  0.848,0.860
20  0.853,0.861        20  0.857,0.865
21  0.853,0.862        21  0.857,0.866
22  0.852,0.862        22  0.857,0.865
23  0.857,0.865        23  0.859,0.868
24  0.858,0.865        24  0.859,0.868
25  0.858,0.866        25  0.866,0.874
26  0.862,0.869        26  0.867,0.874
27  0.864,0.868        27  0.867,0.873
28  0.866,0.870        28  0.869,0.875
29  0.868,0.872        29  0.869,0.876
30  0.871,0.872        30  0.871,0.880
31  0.870,0.872        31  0.873,0.880
32  0.871,0.873        32  0.874,0.882
33  0.871,0.874        33  0.877,0.884
34  0.876,0.876        34  0.879,0.886
35  0.876,0.876        35  0.880,0.882
36  0.879,0.879        36  0.877,0.881
37  0.878,0.879        37  0.876,0.880
38  0.880,0.879        38  0.875,0.880
39  0.881,0.880        39  0.873,0.880
40  0.881,0.880        40  0.873,0.880
41  0.884,0.882        41  0.875,0.880
42  0.884,0.882        42  0.877,0.881
43  0.883,0.880        43  0.880,0.885
44  0.883,0.880        44  0.878,0.884
45  0.884,0.881        45  0.878,0.884
46  0.884,0.882        46  0.879,0.885
47  0.884,0.881        47  0.878,0.885
48  0.885,0.883        48  0.879,0.886
49  0.886,0.885        49  0.879,0.887
50  0.886,0.884        50  0.880,0.887
51  0.887,0.884        51  0.879,0.886
52  0.887,0.885        52  0.879,0.886
53  0.887,0.885        53  0.878,0.885
54  0.887,0.885        54  0.877,0.884
55  0.887,0.886        55  0.874,0.882
56  0.887,0.885        56  0.875,0.882
57  0.889,0.887        57  0.875,0.882
58  0.889,0.886        58  0.875,0.882
59  0.889,0.886        59  0.879,0.884
60  0.887,0.885        60  0.879,0.884
61  0.888,0.885        61  0.878,0.884
62  0.888,0.886        62  0.878,0.885
63  0.893,0.888        63  0.879,0.885
64  0.892,0.888        64  0.880,0.893
65  0.892,0.888        65  0.879,0.893
66  0.892,0.887        66  0.880,0.893
67  0.892,0.888        67  0.880,0.892
68  0.892,0.887        68  0.880,0.892
69  0.894,0.889        69  0.881,0.892
70  0.894,0.890        70  0.881,0.892
71  0.895,0.890        71  0.879,0.889
72  0.897,0.892        72  0.878,0.888
73  0.896,0.892        73  0.878,0.888
74  0.896,0.893        74  0.875,0.887
75  0.896,0.893        75  0.875,0.887
76  0.897,0.893        76  0.875,0.887
77  0.897,0.893        77  0.875,0.887
78  0.898,0.894        78  0.874,0.887
79  0.899,0.895        79  0.875,0.887
80  0.899,0.895        80  0.876,0.889
81  0.900,0.895        81  0.875,0.888
82  0.900,0.895        82  0.874,0.888
83  0.899,0.895        83  0.874,0.887
84  0.899,0.895        84  0.879,0.891
85  0.900,0.895        85  0.879,0.891
86  0.900,0.896        86  0.878,0.891
87  0.900,0.897        87  0.875,0.889
88  0.901,0.897        88  0.879,0.891
89  0.901,0.897        89  0.879,0.891
90  0.900,0.896        90  0.879,0.892
91  0.901,0.897        91  0.880,0.891
92  0.902,0.898        92  0.880,0.892
93  0.903,0.899        93  0.880,0.892
94  0.903,0.898        94  0.881,0.892
95  0.903,0.898        95  0.881,0.891
96  0.903,0.899        96  0.881,0.891
97  0.904,0.899        97  0.883,0.892
98  0.904,0.898        98  0.883,0.892
99  0.903,0.898        99  0.884,0.893
100 0.903,0.898        100 0.883,0.893
101 0.903,0.898        101 0.884,0.894
102 0.903,0.898        102 0.884,0.894
103 0.903,0.898        103 0.884,0.894
104 0.903,0.898        104 0.887,0.895
105 0.903,0.898        105 0.887,0.896
106 0.904,0.898        106 0.887,0.896
107 0.904,0.898        107 0.887,0.895
108 0.904,0.898        108 0.886,0.895
109 0.904,0.898        109 0.886,0.894
110 0.906,0.900        110 0.887,0.894
111 0.906,0.900        111 0.887,0.894
112 0.906,0.900        112 0.887,0.894
113 0.906,0.900        113 0.887,0.894
114 0.906,0.900        114 0.888,0.894
115 0.907,0.901        115 0.889,0.895
116 0.907,0.901        116 0.890,0.896
117 0.906,0.901        117 0.891,0.897
118 0.906,0.900        118 0.891,0.892
119 0.907,0.900        119 0.892,0.892
120 0.907,0.900        120 0.890,0.890
121 0.907,0.900        121 0.889,0.890
122 0.906,0.901        122 0.889,0.890
123 0.907,0.900        123 0.890,0.890
124 0.906,0.900        124 0.891,0.891
125 0.906,0.898        125 0.891,0.897
126 0.905,0.897        126 0.893,0.898
127 0.905,0.898        127 0.893,0.898
128 0.905,0.898        128 0.893,0.899
129 0.905,0.898        129 0.893,0.899
130 0.905,0.898        130 0.891,0.898
131 0.905,0.898        131 0.890,0.897
132 0.905,0.898        132 0.889,0.896
133 0.905,0.898        133 0.890,0.896
134 0.905,0.898        134 0.890,0.897
135 0.905,0.898        135 0.890,0.897
136 0.904,0.897        136 0.889,0.896
137 0.904,0.898        137 0.889,0.896
138 0.906,0.898        138 0.889,0.897
139 0.906,0.899        139 0.890,0.897
140 0.905,0.898        140 0.890,0.897
141 0.905,0.898        141 0.891,0.898
142 0.904,0.897        142 0.890,0.898
143 0.904,0.898        143 0.889,0.898
144 0.904,0.897        144 0.886,0.895
145 0.904,0.897        145 0.887,0.895
146 0.904,0.897        146 0.887,0.895
147 0.904,0.897        147 0.888,0.895
148 0.904,0.897        148 0.888,0.896
149 0.904,0.897        149 0.889,0.896
150 0.904,0.897        150 0.889,0.896
151 0.904,0.897        151 0.889,0.896
152 0.905,0.898        152 0.889,0.896
153 0.905,0.898        153 0.888,0.896
154 0.906,0.899        154 0.888,0.896
155 0.906,0.899        155 0.888,0.896
156 0.905,0.899        156 0.887,0.895
157 0.906,0.899        157 0.887,0.895
158 0.906,0.899        158 0.887,0.895
159 0.906,0.899        159 0.887,0.895
160 0.906,0.899        160 0.887,0.895
161 0.906,0.899        161 0.887,0.895
162 0.907,0.899        162 0.887,0.895
163 0.907,0.900        163 0.887,0.895
164 0.906,0.899        164 0.887,0.896
165 0.903,0.897        165 0.887,0.895
166 0.903,0.897        166 0.886,0.889
167 0.902,0.897        167 0.887,0.890
168 0.903,0.897        168 0.887,0.890
169 0.903,0.897        169 0.888,0.891
170 0.903,0.897        170 0.888,0.891
171 0.903,0.896        171 0.888,0.890
