Classes             
0         19136     
1         13        
2         185       
3         324       
4         190       
5         11        
6         104       
7         59        
8         76        
Total     20098     
Shape: 450       
partition_1_1 0      1    2    3    4    5    6    7    8    
1      2010   1914   1    19   32   19   1    11   6    7    
2      2010   1914   1    19   32   19   1    11   6    7    
3      2010   1914   1    19   32   19   1    11   5    8    
4      2010   1914   1    19   32   19   1    10   6    8    
5      2010   1914   1    18   33   19   1    10   6    8    
6      2010   1914   1    18   33   19   1    10   6    8    
7      2010   1913   2    18   33   19   1    10   6    8    
8      2010   1913   2    18   33   19   1    10   6    8    
9      2009   1913   2    18   32   19   2    10   6    7    
10     2009   1913   1    19   32   19   1    11   6    7    
Total  20098  19136  13   185  324  190  11   104  59   76   
class,count: 1    2010 
class,count: 2    2010 
class,count: 3    2010 
class,count: 4    2010 
class,count: 5    2010 
class,count: 6    2010 
class,count: 7    2010 
class,count: 8    2010 
class,count: 9    2009 
class,count: 10   2009 
