rnd  fold roc_auc   pr_auc     
1    1    0.704     0.856     0.750      
1    2    0.815     0.943     0.750      
1    3    0.815     0.943     0.750      
1    4    0.458     0.652     0.727      
1    5    0.417     0.708     0.727      
1    6    0.875     0.964     0.727      
1    7    0.958     0.985     0.727      
1    8    0.708     0.810     0.727      
1    9    0.625     0.868     0.727      
1    10   0.333     0.605     0.727      
Rnd  1    Sec       11.04      
rnd  fold roc_auc   pr_auc     
2    1    1.000     1.000     0.909      
2    2    0.915     0.862     0.818      
2    3    0.974     0.971     0.864      
2    4    0.952     0.898     0.952      
2    5    0.913     0.857     0.810      
2    6    0.865     0.708     0.857      
2    7    0.933     0.810     0.905      
2    8    0.923     0.798     0.905      
2    9    0.971     0.949     0.905      
2    10   0.923     0.716     0.762      
Rnd  2    Sec       192.65     
rnd  fold roc_auc   pr_auc     
3    1    0.976     0.923     0.906      
3    2    0.990     0.975     0.938      
3    3    0.947     0.869     0.844      
3    4    0.908     0.684     0.871      
3    5    0.864     0.598     0.774      
3    6    0.989     0.974     0.935      
3    7    0.995     0.985     0.968      
3    8    1.000     1.000     0.968      
3    9    0.978     0.926     0.935      
3    10   1.000     1.000     1.000      
Rnd  3    Sec       196.19     
rnd  fold roc_auc   pr_auc     
4    1    0.997     0.988     0.976      
4    2    0.926     0.857     0.881      
4    3    1.000     1.000     1.000      
4    4    0.973     0.850     0.927      
4    5    0.977     0.886     0.951      
4    6    0.951     0.728     0.927      
4    7    0.898     0.485     0.902      
4    8    0.909     0.644     0.951      
4    9    0.951     0.921     0.854      
4    10   0.972     0.819     0.951      
Rnd  4    Sec       188.99     
rnd  fold roc_auc   pr_auc     
5    1    0.938     0.628     0.923      
5    2    0.941     0.919     0.942      
5    3    0.938     0.632     0.923      
5    4    0.980     0.810     0.961      
5    5    0.971     0.781     0.941      
5    6    0.907     0.596     0.941      
5    7    0.992     0.971     0.941      
5    8    0.913     0.598     0.922      
5    9    1.000     1.000     0.980      
5    10   0.966     0.895     0.922      
Rnd  5    Sec       189.1      
rnd  fold roc_auc   pr_auc     
6    1    0.945     0.578     0.919      
6    2    0.971     0.745     0.952      
6    3    0.979     0.905     0.935      
6    4    0.986     0.862     0.984      
6    5    0.927     0.899     0.984      
6    6    0.983     0.937     0.967      
6    7    0.855     0.754     0.951      
6    8    0.972     0.892     0.918      
6    9    0.953     0.745     0.934      
6    10   0.906     0.591     0.918      
Rnd  6    Sec       191.81     
rnd  fold roc_auc   pr_auc     
7    1    0.965     0.922     0.972      
7    2    0.965     0.897     0.972      
7    3    0.908     0.650     0.917      
7    4    0.984     0.922     0.958      
7    5    0.919     0.719     0.944      
7    6    0.950     0.643     0.958      
7    7    0.980     0.718     0.930      
7    8    0.939     0.702     0.930      
7    9    0.815     0.408     0.901      
7    10   0.957     0.918     0.972      
Rnd  7    Sec       195.37     
rnd  fold roc_auc   pr_auc     
8    1    0.910     0.574     0.927      
8    2    0.960     0.562     0.951      
8    3    0.967     0.919     0.951      
8    4    0.968     0.921     0.963      
8    5    0.954     0.877     0.951      
8    6    0.940     0.845     0.975      
8    7    0.985     0.726     0.963      
8    8    0.716     0.461     0.889      
8    9    0.892     0.828     0.963      
8    10   0.941     0.897     0.963      
Rnd  8    Sec       188.87     
rnd  fold roc_auc   pr_auc     
9    1    0.971     0.674     0.957      
9    2    0.922     0.805     0.967      
9    3    0.949     0.722     0.946      
9    4    0.846     0.640     0.923      
9    5    0.859     0.777     0.967      
9    6    1.000     1.000     0.978      
9    7    0.936     0.656     0.945      
9    8    0.951     0.910     0.989      
9    9    0.980     0.720     0.978      
9    10   0.717     0.368     0.890      
Rnd  9    Sec       184.63     
