rnd  fold roc_auc   pr_auc     
1    1    0.720     0.387     0.250      
1    2    0.689     0.350     0.333      
1    3    0.713     0.310     0.333      
1    4    0.818     0.385     0.273      
1    5    0.796     0.384     0.273      
1    6    0.749     0.431     0.364      
1    7    0.775     0.307     0.273      
1    8    0.725     0.238     0.273      
1    9    0.840     0.468     0.364      
1    10   0.660     0.193     0.273      
Rnd  1    Sec       11.04      
rnd  fold roc_auc   pr_auc     
2    1    0.890     0.642     0.591      
2    2    0.881     0.525     0.591      
2    3    0.901     0.717     0.591      
2    4    0.862     0.663     0.619      
2    5    0.899     0.651     0.619      
2    6    0.877     0.638     0.571      
2    7    0.836     0.644     0.571      
2    8    0.858     0.590     0.571      
2    9    0.839     0.591     0.571      
2    10   0.903     0.691     0.571      
Rnd  2    Sec       192.65     
rnd  fold roc_auc   pr_auc     
3    1    0.921     0.762     0.719      
3    2    0.906     0.685     0.688      
3    3    0.912     0.742     0.688      
3    4    0.929     0.783     0.710      
3    5    0.916     0.748     0.710      
3    6    0.952     0.831     0.742      
3    7    0.918     0.743     0.710      
3    8    0.932     0.776     0.710      
3    9    0.905     0.759     0.710      
3    10   0.930     0.795     0.710      
Rnd  3    Sec       196.19     
rnd  fold roc_auc   pr_auc     
4    1    0.956     0.795     0.786      
4    2    0.936     0.797     0.762      
4    3    0.927     0.813     0.786      
4    4    0.948     0.861     0.780      
4    5    0.935     0.791     0.780      
4    6    0.965     0.875     0.780      
4    7    0.940     0.833     0.756      
4    8    0.943     0.809     0.780      
4    9    0.942     0.799     0.756      
4    10   0.945     0.822     0.780      
Rnd  4    Sec       188.99     
rnd  fold roc_auc   pr_auc     
5    1    0.953     0.834     0.788      
5    2    0.934     0.805     0.808      
5    3    0.952     0.854     0.788      
5    4    0.956     0.834     0.824      
5    5    0.964     0.879     0.804      
5    6    0.957     0.823     0.824      
5    7    0.968     0.902     0.843      
5    8    0.958     0.862     0.804      
5    9    0.956     0.893     0.804      
5    10   0.959     0.844     0.824      
Rnd  5    Sec       189.1      
rnd  fold roc_auc   pr_auc     
6    1    0.974     0.905     0.823      
6    2    0.970     0.891     0.855      
6    3    0.965     0.864     0.823      
6    4    0.976     0.905     0.852      
6    5    0.949     0.839     0.836      
6    6    0.958     0.864     0.820      
6    7    0.967     0.906     0.836      
6    8    0.965     0.883     0.852      
6    9    0.964     0.899     0.836      
6    10   0.955     0.834     0.836      
Rnd  6    Sec       191.81     
rnd  fold roc_auc   pr_auc     
7    1    0.965     0.873     0.875      
7    2    0.969     0.910     0.847      
7    3    0.961     0.904     0.833      
7    4    0.970     0.891     0.845      
7    5    0.960     0.852     0.859      
7    6    0.976     0.902     0.845      
7    7    0.971     0.897     0.859      
7    8    0.978     0.915     0.859      
7    9    0.975     0.907     0.873      
7    10   0.972     0.902     0.859      
Rnd  7    Sec       195.37     
rnd  fold roc_auc   pr_auc     
8    1    0.960     0.867     0.854      
8    2    0.972     0.882     0.854      
8    3    0.978     0.904     0.890      
8    4    0.977     0.929     0.864      
8    5    0.980     0.928     0.901      
8    6    0.975     0.911     0.864      
8    7    0.975     0.918     0.864      
8    8    0.973     0.915     0.877      
8    9    0.980     0.929     0.852      
8    10   0.964     0.906     0.889      
Rnd  8    Sec       188.87     
rnd  fold roc_auc   pr_auc     
9    1    0.978     0.917     0.891      
9    2    0.987     0.935     0.880      
9    3    0.972     0.933     0.891      
9    4    0.986     0.940     0.912      
9    5    0.965     0.876     0.890      
9    6    0.974     0.888     0.879      
9    7    0.978     0.932     0.879      
9    8    0.980     0.937     0.868      
9    9    0.974     0.914     0.890      
9    10   0.978     0.932     0.879      
Rnd  9    Sec       184.63     
