       coarse                      fine        
1   0.752,0.098,0.050        1   0.984,0.951,0.952
2   0.712,0.083,0.100        2   0.981,0.941,0.952
3   0.713,0.087,0.258        3   0.987,0.957,0.952
4   0.732,0.095,0.426        4   0.990,0.960,0.952
5   0.752,0.104,0.553        5   0.990,0.960,0.952
6   0.775,0.116,0.692        6   0.989,0.958,0.952
7   0.797,0.140,0.784        7   0.990,0.960,0.953
8   0.811,0.176,0.852        8   0.990,0.962,0.952
9   0.828,0.222,0.904        9   0.991,0.963,0.952
10  0.843,0.262,0.922        10  0.990,0.962,0.952
11  0.847,0.278,0.936        11  0.991,0.964,0.952
12  0.851,0.293,0.933        12  0.991,0.966,0.952
13  0.853,0.313,0.929        13  0.991,0.967,0.952
14  0.852,0.327,0.928        14  0.992,0.969,0.952
15  0.847,0.344,0.928        15  0.992,0.968,0.953
16  0.850,0.353,0.930        16  0.992,0.969,0.953
17  0.850,0.360,0.933        17  0.992,0.969,0.953
18  0.852,0.376,0.931        18  0.992,0.971,0.953
19  0.852,0.383,0.929        19  0.992,0.970,0.954
20  0.845,0.383,0.929        20  0.992,0.970,0.954
21  0.845,0.385,0.928        21  0.992,0.971,0.954
22  0.846,0.387,0.926        22  0.992,0.971,0.954
23  0.852,0.396,0.928        23  0.992,0.971,0.954
24  0.854,0.409,0.928        24  0.992,0.971,0.954
25  0.852,0.403,0.929        25  0.992,0.971,0.954
26  0.851,0.416,0.930        26  0.992,0.972,0.954
27  0.853,0.419,0.930        27  0.993,0.973,0.954
28  0.855,0.413,0.931        28  0.993,0.973,0.954
29  0.853,0.415,0.933        29  0.993,0.973,0.954
30  0.854,0.416,0.931        30  0.993,0.973,0.954
31  0.853,0.418,0.929        31  0.993,0.974,0.954
32  0.855,0.423,0.932        32  0.993,0.974,0.954
33  0.854,0.415,0.932        33  0.993,0.974,0.954
34  0.854,0.416,0.933        34  0.993,0.974,0.955
35  0.857,0.404,0.929        35  0.993,0.975,0.955
36  0.863,0.400,0.929        36  0.993,0.975,0.955
37  0.862,0.400,0.930        37  0.993,0.975,0.955
38  0.862,0.406,0.926        38  0.994,0.975,0.955
39  0.865,0.406,0.928        39  0.994,0.975,0.956
40  0.867,0.412,0.926        40  0.994,0.975,0.955
41  0.873,0.412,0.926        41  0.994,0.975,0.956
42  0.881,0.408,0.925        42  0.994,0.975,0.956
43  0.881,0.418,0.923        43  0.994,0.975,0.956
44  0.881,0.407,0.924        44  0.994,0.975,0.956
45  0.881,0.412,0.924        45  0.994,0.975,0.956
46  0.880,0.409,0.922        46  0.994,0.975,0.956
47  0.882,0.398,0.920        47  0.994,0.976,0.956
48  0.883,0.402,0.920        48  0.994,0.975,0.956
49  0.884,0.405,0.919        49  0.994,0.976,0.956
50  0.883,0.402,0.920        50  0.994,0.976,0.956
51  0.885,0.398,0.919        51  0.994,0.976,0.955
52  0.884,0.405,0.919        52  0.994,0.976,0.956
53  0.884,0.402,0.921        53  0.994,0.976,0.956
54  0.884,0.394,0.918        54  0.994,0.976,0.956
55  0.883,0.402,0.919        55  0.994,0.976,0.956
56  0.884,0.400,0.917        56  0.994,0.976,0.956
57  0.884,0.401,0.918        57  0.994,0.976,0.956
58  0.886,0.402,0.918        58  0.994,0.976,0.957
59  0.886,0.399,0.916        59  0.994,0.976,0.957
60  0.886,0.394,0.917        60  0.994,0.976,0.958
61  0.889,0.396,0.915        61  0.994,0.976,0.958
62  0.890,0.395,0.915        62  0.994,0.976,0.958
63  0.890,0.396,0.914        63  0.994,0.976,0.958
64  0.891,0.394,0.914        64  0.994,0.976,0.958
65  0.890,0.393,0.914        65  0.994,0.976,0.958
66  0.890,0.392,0.914        66  0.994,0.976,0.958
67  0.891,0.396,0.911        67  0.994,0.976,0.958
68  0.891,0.394,0.912        68  0.994,0.976,0.958
69  0.891,0.392,0.911        69  0.994,0.976,0.958
70  0.890,0.394,0.911        70  0.994,0.976,0.958
71  0.890,0.392,0.911        71  0.994,0.976,0.958
72  0.891,0.392,0.910        72  0.994,0.976,0.959
73  0.891,0.391,0.910        73  0.994,0.976,0.957
74  0.891,0.395,0.910        74  0.994,0.977,0.956
75  0.892,0.394,0.909        75  0.994,0.977,0.956
76  0.892,0.397,0.909        76  0.994,0.977,0.956
77  0.893,0.397,0.908        77  0.994,0.977,0.957
78  0.892,0.396,0.908        78  0.994,0.977,0.957
79  0.892,0.397,0.907        79  0.994,0.977,0.957
80  0.891,0.395,0.907        80  0.994,0.977,0.958
81  0.891,0.397,0.907        81  0.994,0.977,0.957
82  0.891,0.398,0.906        82  0.995,0.977,0.957
83  0.891,0.397,0.904        83  0.995,0.977,0.957
84  0.892,0.393,0.904        84  0.995,0.977,0.957
85  0.892,0.395,0.904        85  0.995,0.977,0.956
86  0.891,0.394,0.905        86  0.995,0.977,0.955
87  0.892,0.392,0.903        87  0.995,0.977,0.957
88  0.892,0.401,0.900        88  0.995,0.977,0.957
89  0.892,0.399,0.902        89  0.995,0.977,0.956
90  0.892,0.397,0.900        90  0.995,0.977,0.956
91  0.892,0.390,0.900        91  0.995,0.977,0.955
92  0.892,0.398,0.900        92  0.995,0.977,0.955
93  0.892,0.395,0.899        93  0.995,0.977,0.955
94  0.892,0.394,0.899        94  0.995,0.977,0.955
95  0.892,0.393,0.899        95  0.995,0.977,0.954
96  0.891,0.391,0.899        96  0.995,0.978,0.954
97  0.891,0.390,0.895        97  0.995,0.977,0.953
98  0.891,0.391,0.895        98  0.995,0.977,0.952
99  0.892,0.393,0.894        99  0.995,0.978,0.952
100 0.894,0.393,0.895        100 0.995,0.978,0.951
101 0.894,0.394,0.895        101 0.995,0.978,0.949
102 0.894,0.393,0.893        102 0.995,0.978,0.949
103 0.894,0.393,0.891        103 0.995,0.978,0.949
104 0.894,0.394,0.890        104 0.995,0.978,0.949
105 0.894,0.389,0.888        105 0.995,0.978,0.949
106 0.894,0.391,0.886        106 0.995,0.978,0.949
107 0.894,0.391,0.884        107 0.995,0.978,0.949
108 0.894,0.390,0.882        108 0.995,0.978,0.949
109 0.893,0.391,0.881        109 0.995,0.978,0.948
110 0.893,0.391,0.879        110 0.995,0.978,0.948
111 0.894,0.388,0.879        111 0.995,0.978,0.948
112 0.892,0.385,0.881        112 0.995,0.978,0.949
113 0.893,0.386,0.881        113 0.995,0.978,0.949
114 0.893,0.385,0.878        114 0.995,0.978,0.949
115 0.893,0.385,0.878        115 0.995,0.978,0.949
116 0.893,0.385,0.877        116 0.995,0.978,0.950
117 0.893,0.385,0.876        117 0.995,0.978,0.949
118 0.893,0.387,0.875        118 0.995,0.978,0.949
119 0.894,0.388,0.873        119 0.995,0.978,0.948
120 0.894,0.389,0.873        120 0.995,0.978,0.948
121 0.894,0.389,0.872        121 0.995,0.978,0.949
122 0.894,0.394,0.870        122 0.995,0.978,0.949
123 0.894,0.393,0.869        123 0.995,0.978,0.949
124 0.895,0.394,0.868        124 0.995,0.978,0.949
125 0.895,0.394,0.869        125 0.995,0.978,0.949
126 0.895,0.394,0.868        126 0.995,0.978,0.949
127 0.895,0.393,0.867        127 0.995,0.978,0.948
128 0.896,0.397,0.864        128 0.995,0.978,0.948
129 0.895,0.398,0.863        129 0.995,0.978,0.948
130 0.896,0.399,0.862        130 0.995,0.978,0.947
131 0.896,0.400,0.861        131 0.995,0.978,0.948
132 0.898,0.401,0.862        132 0.995,0.978,0.948
133 0.898,0.402,0.861        133 0.995,0.978,0.948
134 0.898,0.400,0.860        134 0.995,0.978,0.948
135 0.898,0.400,0.860        135 0.995,0.978,0.948
136 0.898,0.400,0.859        136 0.995,0.978,0.947
137 0.898,0.400,0.858        137 0.995,0.978,0.947
138 0.899,0.401,0.855        138 0.995,0.978,0.947
139 0.900,0.401,0.853        139 0.995,0.978,0.946
140 0.900,0.401,0.849        140 0.995,0.978,0.946
141 0.900,0.402,0.848        141 0.995,0.978,0.947
142 0.900,0.399,0.850        142 0.995,0.978,0.948
143 0.900,0.399,0.848        143 0.995,0.978,0.948
144 0.900,0.398,0.848        144 0.995,0.978,0.947
145 0.900,0.399,0.847        145 0.995,0.978,0.947
146 0.900,0.395,0.845        146 0.995,0.978,0.947
147 0.900,0.395,0.844        147 0.995,0.978,0.946
148 0.900,0.395,0.844        148 0.995,0.978,0.946
149 0.900,0.394,0.844        149 0.995,0.978,0.946
150 0.900,0.389,0.843        150 0.995,0.978,0.945
151 0.900,0.388,0.842        151 0.995,0.978,0.945
152 0.900,0.388,0.841        152 0.995,0.978,0.946
153 0.900,0.388,0.841        153 0.995,0.978,0.946
154 0.900,0.389,0.840        154 0.995,0.978,0.946
155 0.900,0.393,0.841        155 0.995,0.978,0.945
156 0.902,0.392,0.837        156 0.995,0.978,0.943
157 0.903,0.396,0.837        157 0.995,0.978,0.943
158 0.903,0.396,0.836        158 0.995,0.978,0.942
159 0.904,0.395,0.835        159 0.995,0.978,0.941
160 0.904,0.395,0.836        160 0.995,0.978,0.940
161 0.904,0.395,0.834        161 0.995,0.978,0.941
162 0.904,0.395,0.834        162 0.995,0.978,0.940
163 0.904,0.395,0.834        163 0.995,0.978,0.939
164 0.905,0.394,0.831        164 0.995,0.978,0.939
165 0.905,0.394,0.830        165 0.995,0.978,0.941
166 0.905,0.394,0.830        166 0.995,0.978,0.941
167 0.905,0.394,0.829        167 0.995,0.978,0.940
168 0.905,0.394,0.829        168 0.995,0.978,0.940
169 0.905,0.393,0.828        169 0.995,0.978,0.940
170 0.905,0.389,0.824        170 0.995,0.978,0.940
171 0.905,0.390,0.822        171 0.995,0.978,0.940
172 0.905,0.390,0.821        172 0.995,0.978,0.939
173 0.905,0.389,0.821        173 0.995,0.978,0.939
174 0.905,0.394,0.823        174 0.995,0.978,0.938
175 0.905,0.395,0.823        175 0.995,0.978,0.937
176 0.905,0.395,0.821        176 0.995,0.978,0.937
177 0.905,0.395,0.822        177 0.995,0.978,0.936
178 0.905,0.394,0.821        178 0.995,0.978,0.936
179 0.905,0.397,0.819        179 0.995,0.978,0.935
180 0.905,0.399,0.818        180 0.995,0.978,0.935
