rnd  fold roc_auc   pr_auc     
1    1    0.667     0.250      
1    2    0.667     0.250      
1    3    0.333     0.167      
1    4    0.667     0.250      
1    5    1.000     1.000      
1    6    0.750     0.792      
1    7    1.000     1.000      
1    8    1.000     1.000      
1    9    0.500     0.250      
1    10   0.500     0.250      
rnd  fold roc_auc   pr_auc     
2    1    0.917     0.708      
2    2    0.833     0.292      
2    3    0.708     0.587      
2    4    0.758     0.552      
2    5    0.939     0.850      
2    6    0.970     0.903      
2    7    0.955     0.792      
2    8    0.591     0.170      
2    9    1.000     1.000      
2    10   0.818     0.633      
Rnd      2Sec            13.03 
rnd  fold roc_auc   pr_auc     
3    1    0.651     0.463      
3    2    0.810     0.496      
3    3    0.778     0.258      
3    4    0.778     0.478      
3    5    0.746     0.470      
3    6    0.913     0.501      
3    7    0.767     0.219      
3    8    0.800     0.344      
3    9    0.817     0.509      
3    10   0.800     0.496      
Rnd      3Sec            14.01 
rnd  fold roc_auc   pr_auc     
4    1    0.892     0.529      
4    2    0.925     0.754      
4    3    0.828     0.712      
4    4    0.775     0.490      
4    5    0.867     0.297      
4    6    0.900     0.603      
4    7    0.822     0.252      
4    8    0.778     0.442      
4    9    0.567     0.403      
4    10   0.789     0.172      
Rnd      4Sec            15.83 
rnd  fold roc_auc   pr_auc     
5    1    0.844     0.449      
5    2    0.894     0.633      
5    3    0.694     0.146      
5    4    0.750     0.422      
5    5    0.856     0.623      
5    6    0.700     0.401      
5    7    0.875     0.714      
5    8    0.800     0.427      
5    9    0.967     0.678      
5    10   0.622     0.108      
Rnd      5Sec            18.89 
rnd  fold roc_auc   pr_auc     
6    1    0.820     0.221      
6    2    0.751     0.505      
6    3    0.845     0.250      
6    4    0.837     0.433      
6    5    0.816     0.541      
6    6    0.873     0.647      
6    7    0.893     0.612      
6    8    0.663     0.157      
6    9    0.867     0.594      
6    10   0.770     0.180      
Rnd      6Sec            22.59 
rnd  fold roc_auc   pr_auc     
7    1    0.769     0.330      
7    2    0.905     0.586      
7    3    0.793     0.595      
7    4    0.888     0.621      
7    5    0.807     0.560      
7    6    0.892     0.444      
7    7    0.771     0.119      
7    8    0.803     0.225      
7    9    0.779     0.194      
7    10   0.793     0.345      
Rnd      7Sec             26.7 
rnd  fold roc_auc   pr_auc     
8    1    0.838     0.546      
8    2    0.641     0.099      
8    3    0.951     0.514      
8    4    0.694     0.300      
8    5    0.880     0.297      
8    6    0.949     0.640      
8    7    0.876     0.234      
8    8    0.950     0.743      
8    9    0.865     0.538      
8    10   0.797     0.222      
Rnd      8Sec            30.23 
rnd  fold roc_auc   pr_auc     
9    1    0.923     0.625      
9    2    0.934     0.682      
9    3    0.876     0.507      
9    4    0.880     0.416      
9    5    0.806     0.549      
9    6    0.703     0.218      
9    7    0.828     0.162      
9    8    0.859     0.257      
9    9    0.900     0.455      
9    10   0.686     0.302      
Rnd      9Sec            36.51 
rnd  fold roc_auc   pr_auc     
10   1    0.943     0.735      
10   2    0.820     0.471      
10   3    0.977     0.645      
10   4    0.824     0.281      
10   5    0.634     0.240      
10   6    0.805     0.193      
10   7    0.780     0.470      
10   8    0.795     0.323      
10   9    0.736     0.419      
10   10   0.761     0.191      
Rnd     10Sec            40.76 
rnd  fold roc_auc   pr_auc     
11   1    0.722     0.331      
11   2    0.752     0.542      
11   3    0.815     0.637      
11   4    0.773     0.302      
11   5    0.913     0.618      
11   6    0.804     0.322      
11   7    0.825     0.303      
11   8    0.685     0.146      
11   9    0.799     0.380      
11   10   0.866     0.396      
Rnd     11Sec            48.71 
rnd  fold roc_auc   pr_auc     
12   1    0.784     0.363      
12   2    0.765     0.312      
12   3    0.722     0.238      
12   4    0.749     0.338      
12   5    0.849     0.558      
12   6    0.791     0.397      
12   7    0.850     0.443      
12   8    0.685     0.227      
12   9    0.771     0.436      
12   10   0.799     0.434      
[['rnd', 'fold', 'roc_auc', 'pr_auc'], [1, 1, 0.66666666666666674, 0.25], [1, 2, 0.66666666666666674, 0.25], [1, 3, 0.33333333333333337, 0.16666666666666666], [1, 4, 0.66666666666666674, 0.25], [1, 5, 1.0, 1.0], [1, 6, 0.75, 0.79166666666666663], [1, 7, 1.0, 1.0], [1, 8, 1.0, 1.0], [1, 9, 0.5, 0.25], [1, 10, 0.5, 0.25], ['rnd', 'fold', 'roc_auc', 'pr_auc'], [2, 1, 0.91666666666666674, 0.70833333333333326], [2, 2, 0.83333333333333337, 0.29166666666666663], [2, 3, 0.70833333333333326, 0.58680555555555558], [2, 4, 0.75757575757575757, 0.55178571428571432], [2, 5, 0.93939393939393934, 0.85000000000000009], [2, 6, 0.96969696969696972, 0.90277777777777768], [2, 7, 0.95454545454545447, 0.79166666666666663], [2, 8, 0.59090909090909094, 0.1701388888888889], [2, 9, 1.0, 1.0], [2, 10, 0.81818181818181812, 0.6333333333333333], ['Rnd', 2, 'Sec', 13.03], ['rnd', 'fold', 'roc_auc', 'pr_auc'], [3, 1, 0.65079365079365081, 0.46269841269841266], [3, 2, 0.80952380952380953, 0.49576719576719575], [3, 3, 0.77777777777777779, 0.25790598290598293], [3, 4, 0.7777777777777779, 0.47824074074074074], [3, 5, 0.74603174603174605, 0.47008547008547008], [3, 6, 0.91250000000000009, 0.50148809523809523], [3, 7, 0.76666666666666672, 0.21944444444444444], [3, 8, 0.80000000000000004, 0.34401709401709396], [3, 9, 0.81666666666666665, 0.5092592592592593], [3, 10, 0.79999999999999993, 0.49603174603174599], ['Rnd', 3, 'Sec', 14.01], ['rnd', 'fold', 'roc_auc', 'pr_auc'], [4, 1, 0.89247311827956988, 0.52870370370370368], [4, 2, 0.92473118279569888, 0.75370370370370365], [4, 3, 0.82795698924731176, 0.71150097465886941], [4, 4, 0.77500000000000002, 0.49024966261808367], [4, 5, 0.8666666666666667, 0.29717261904761905], [4, 6, 0.89999999999999991, 0.60304487179487176], [4, 7, 0.82222222222222219, 0.25158730158730158], [4, 8, 0.77777777777777768, 0.44165834165834167], [4, 9, 0.56666666666666654, 0.40264031443466924], [4, 10, 0.78888888888888897, 0.1723063973063973], ['Rnd', 4, 'Sec', 15.83], ['rnd', 'fold', 'roc_auc', 'pr_auc'], [5, 1, 0.84375, 0.4489035087719298], [5, 2, 0.89375000000000004, 0.63303571428571426], [5, 3, 0.69375000000000009, 0.14559331797235023], [5, 4, 0.75, 0.42202316689158792], [5, 5, 0.85625000000000007, 0.62317370129870131], [5, 6, 0.69999999999999996, 0.40103440766550524], [5, 7, 0.875, 0.71405228758169925], [5, 8, 0.79999999999999993, 0.42710622710622709], [5, 9, 0.96666666666666667, 0.67777777777777781], [5, 10, 0.62179487179487181, 0.10788173973242624], ['Rnd', 5, 'Sec', 18.89], ['rnd', 'fold', 'roc_auc', 'pr_auc'], [6, 1, 0.82040816326530619, 0.22093358395989976], [6, 2, 0.75102040816326532, 0.50469092776987523], [6, 3, 0.84489795918367361, 0.25008991008991011], [6, 4, 0.83673469387755095, 0.43251018099547511], [6, 5, 0.81632653061224492, 0.54112127807779986], [6, 6, 0.87346938775510208, 0.64660522273425503], [6, 7, 0.89285714285714279, 0.61194017379679144], [6, 8, 0.66326530612244894, 0.15744451089845826], [6, 9, 0.86734693877551028, 0.59441632928475041], [6, 10, 0.77040816326530603, 0.18008795398501282], ['Rnd', 6, 'Sec', 22.59], ['rnd', 'fold', 'roc_auc', 'pr_auc'], [7, 1, 0.76949152542372889, 0.33016451664277752], [7, 2, 0.90508474576271181, 0.58600529100529108], [7, 3, 0.79322033898305089, 0.59464159067882472], [7, 4, 0.88813559322033897, 0.62116085668717247], [7, 5, 0.8067796610169492, 0.56018576661433805], [7, 6, 0.8915254237288136, 0.44357142857142856], [7, 7, 0.77118644067796605, 0.11933308385514269], [7, 8, 0.80344827586206902, 0.22501349527665315], [7, 9, 0.77931034482758621, 0.19433275461098043], [7, 10, 0.7931034482758621, 0.3448912198912199], ['Rnd', 7, 'Sec', 26.7], ['rnd', 'fold', 'roc_auc', 'pr_auc'], [8, 1, 0.83768115942028987, 0.54624274099883863], [8, 2, 0.64057971014492754, 0.098963752028525642], [8, 3, 0.95098039215686281, 0.51423160173160165], [8, 4, 0.69362745098039214, 0.30012347189557803], [8, 5, 0.87990196078431371, 0.29696459941025161], [8, 6, 0.94852941176470584, 0.64011243386243388], [8, 7, 0.876470588235294, 0.23426691729323307], [8, 8, 0.94999999999999996, 0.74271929824561411], [8, 9, 0.86470588235294121, 0.53789852304558194], [8, 10, 0.79705882352941182, 0.22178760894278135], ['Rnd', 8, 'Sec', 30.23], ['rnd', 'fold', 'roc_auc', 'pr_auc'], [9, 1, 0.92307692307692302, 0.62482957655371441], [9, 2, 0.93376068376068366, 0.68153490028490027], [9, 3, 0.87606837606837606, 0.50695186310105667], [9, 4, 0.88034188034188032, 0.41582420847126733], [9, 5, 0.80555555555555558, 0.54888834760957517], [9, 6, 0.70299145299145294, 0.21815340226749144], [9, 7, 0.82820512820512826, 0.16215603237342366], [9, 8, 0.85897435897435903, 0.2569976222607801], [9, 9, 0.90000000000000013, 0.45493939393939392], [9, 10, 0.68614718614718617, 0.30194542562035898], ['Rnd', 9, 'Sec', 36.51], ['rnd', 'fold', 'roc_auc', 'pr_auc'], [10, 1, 0.94318181818181812, 0.7352758576548899], [10, 2, 0.82007575757575757, 0.47138060173530372], [10, 3, 0.97727272727272729, 0.64470899470899468], [10, 4, 0.82386363636363635, 0.2814212347107084], [10, 5, 0.63446969696969702, 0.23953678317455407], [10, 6, 0.8045977011494253, 0.19339877979318576], [10, 7, 0.77969348659003834, 0.46956160943128722], [10, 8, 0.79501915708812265, 0.32261104933829682], [10, 9, 0.73563218390804597, 0.41850184234811671], [10, 10, 0.76053639846743293, 0.19077042458078455], ['Rnd', 10, 'Sec', 40.76], ['rnd', 'fold', 'roc_auc', 'pr_auc'], [11, 1, 0.72234042553191491, 0.33052448801848389], [11, 2, 0.75212765957446803, 0.54170063565453364], [11, 3, 0.81489361702127661, 0.63734402105294596], [11, 4, 0.77340425531914891, 0.30183009832953267], [11, 5, 0.91300097751710663, 0.61752859010324779], [11, 6, 0.80351906158357767, 0.32178950899012382], [11, 7, 0.8247311827956989, 0.30294315419952267], [11, 8, 0.68494623655913989, 0.14598457402491466], [11, 9, 0.79892473118279572, 0.37975181065106067], [11, 10, 0.86559139784946237, 0.39576274481084295], ['Rnd', 11, 'Sec', 48.71], ['rnd', 'fold', 'roc_auc', 'pr_auc'], [12, 1, 0.78356481481481477, 0.36302006262850112], [12, 2, 0.76504629629629628, 0.31224506859577511], [12, 3, 0.7222222222222221, 0.23788893304502076], [12, 4, 0.74942129629629628, 0.33756360751685466], [12, 5, 0.84895833333333337, 0.55813152437830871], [12, 6, 0.7905092592592593, 0.39684700455819033], [12, 7, 0.84987745098039214, 0.44344541386005731], [12, 8, 0.68504901960784315, 0.22694485021168409], [12, 9, 0.77076023391812865, 0.43558272665823966], [12, 10, 0.79941520467836258, 0.43388650875870916]]