rnd  fold roc_auc   pr_auc     
1    1    0.750     0.662      
1    2    0.917     0.792      
1    3    0.917     0.792      
1    4    0.667     0.292      
1    5    0.333     0.100      
1    6    0.167     0.083      
1    7    0.600     0.633      
1    8    0.700     0.333      
1    9    0.800     0.417      
1    10   0.800     0.417      
Rnd  1    Sec       8.6        
rnd  fold roc_auc   pr_auc     
2    1    0.385     0.102      
2    2    0.808     0.258      
2    3    0.538     0.128      
2    4    0.654     0.161      
2    5    0.154     0.042      
2    6    0.846     0.167      
2    7    0.833     0.287      
2    8    0.833     0.292      
2    9    0.708     0.196      
2    10   0.750     0.225      
Rnd  2    Sec       12.65      
rnd  fold roc_auc   pr_auc     
3    1    0.650     0.114      
3    2    0.800     0.183      
3    3    0.775     0.203      
3    4    0.850     0.217      
3    5    0.550     0.050      
3    6    0.500     0.045      
3    7    0.579     0.542      
3    8    0.974     0.792      
3    9    0.842     0.225      
3    10   0.658     0.143      
Rnd  3    Sec       14.06      
rnd  fold roc_auc   pr_auc     
4    1    0.869     0.662      
4    2    0.601     0.300      
4    3    0.893     0.786      
4    4    0.533     0.293      
4    5    0.962     0.905      
4    6    0.750     0.427      
4    7    0.669     0.360      
4    8    0.737     0.637      
4    9    0.838     0.692      
4    10   0.544     0.286      
Rnd  4    Sec       15.73      
rnd  fold roc_auc   pr_auc     
5    1    0.853     0.619      
5    2    0.946     0.808      
5    3    0.866     0.698      
5    4    0.770     0.422      
5    5    0.787     0.381      
5    6    0.806     0.490      
5    7    0.866     0.613      
5    8    0.870     0.685      
5    9    0.773     0.479      
5    10   0.648     0.468      
Rnd  5    Sec       17.63      
rnd  fold roc_auc   pr_auc     
6    1    0.812     0.660      
6    2    0.838     0.642      
6    3    0.736     0.528      
6    4    0.755     0.616      
6    5    0.738     0.629      
6    6    0.570     0.427      
6    7    0.719     0.635      
6    8    0.820     0.833      
6    9    0.847     0.824      
6    10   0.711     0.665      
Rnd  6    Sec       20.97      
rnd  fold roc_auc   pr_auc     
7    1    0.707     0.563      
7    2    0.815     0.699      
7    3    0.846     0.748      
7    4    0.820     0.663      
7    5    0.906     0.769      
7    6    0.898     0.809      
7    7    0.800     0.561      
7    8    0.784     0.546      
7    9    0.959     0.941      
7    10   0.749     0.668      
Rnd  7    Sec       24.41      
rnd  fold roc_auc   pr_auc     
8    1    0.829     0.606      
8    2    0.960     0.920      
8    3    0.821     0.678      
8    4    0.716     0.579      
8    5    0.876     0.797      
8    6    0.933     0.841      
8    7    0.873     0.775      
8    8    0.847     0.763      
8    9    0.912     0.708      
8    10   0.780     0.650      
Rnd  8    Sec       28.34      
rnd  fold roc_auc   pr_auc     
9    1    0.929     0.791      
9    2    0.707     0.421      
9    3    0.899     0.602      
9    4    0.884     0.777      
9    5    0.731     0.472      
9    6    0.750     0.513      
9    7    0.822     0.675      
9    8    0.940     0.909      
9    9    0.901     0.706      
9    10   0.818     0.709      
Rnd  9    Sec       31.25      
rnd  fold roc_auc   pr_auc     
10   1    0.888     0.634      
10   2    0.842     0.554      
10   3    0.756     0.547      
10   4    0.801     0.707      
10   5    0.844     0.548      
10   6    0.908     0.753      
10   7    0.848     0.623      
10   8    0.846     0.616      
10   9    0.890     0.724      
10   10   0.939     0.824      
Rnd  10   Sec       34.38      
rnd  fold roc_auc   pr_auc     
11   1    0.838     0.544      
11   2    0.873     0.620      
11   3    0.922     0.761      
11   4    0.769     0.368      
11   5    0.916     0.718      
11   6    0.868     0.548      
11   7    0.749     0.429      
11   8    0.932     0.812      
11   9    0.814     0.645      
11   10   0.811     0.397      
Rnd  11   Sec       43.33      
rnd  fold roc_auc   pr_auc     
12   1    0.866     0.594      
12   2    0.908     0.573      
12   3    0.809     0.359      
12   4    0.873     0.603      
12   5    0.798     0.476      
12   6    0.805     0.444      
12   7    0.857     0.447      
12   8    0.783     0.425      
12   9    0.830     0.568      
12   10   0.900     0.709      
Rnd  12   Sec       52.34      
rnd  fold roc_auc   pr_auc     
13   1    0.808     0.355      
13   2    0.825     0.408      
13   3    0.903     0.521      
13   4    0.891     0.607      
13   5    0.854     0.520      
13   6    0.875     0.542      
13   7    0.839     0.443      
13   8    0.816     0.401      
13   9    0.794     0.348      
13   10   0.854     0.381      
Rnd  13   Sec       60.09      
rnd  fold roc_auc   pr_auc     
14   1    0.792     0.370      
14   2    0.836     0.357      
14   3    0.857     0.527      
14   4    0.690     0.309      
14   5    0.876     0.432      
14   6    0.839     0.433      
14   7    0.884     0.435      
14   8    0.887     0.420      
14   9    0.839     0.518      
14   10   0.869     0.444      
Rnd  14   Sec       67.95      
rnd  fold roc_auc   pr_auc     
15   1    0.755     0.303      
15   2    0.758     0.271      
15   3    0.786     0.277      
15   4    0.816     0.525      
15   5    0.849     0.454      
15   6    0.872     0.450      
15   7    0.834     0.408      
15   8    0.819     0.371      
15   9    0.893     0.462      
15   10   0.828     0.382      
Rnd  15   Sec       77.0       
rnd  fold roc_auc   pr_auc     
16   1    0.820     0.337      
16   2    0.812     0.314      
16   3    0.840     0.549      
16   4    0.768     0.384      
16   5    0.818     0.450      
16   6    0.911     0.640      
16   7    0.909     0.428      
16   8    0.901     0.586      
16   9    0.784     0.251      
16   10   0.756     0.249      
Rnd  16   Sec       91.65      
rnd  fold roc_auc   pr_auc     
17   1    0.766     0.280      
17   2    0.840     0.448      
17   3    0.879     0.382      
17   4    0.841     0.353      
17   5    0.821     0.496      
17   6    0.826     0.288      
17   7    0.869     0.385      
17   8    0.833     0.475      
17   9    0.751     0.262      
17   10   0.795     0.298      
Rnd  17   Sec       101.91     
rnd  fold roc_auc   pr_auc     
18   1    0.795     0.293      
18   2    0.749     0.202      
18   3    0.825     0.359      
18   4    0.744     0.212      
18   5    0.838     0.521      
18   6    0.895     0.493      
18   7    0.802     0.343      
18   8    0.777     0.346      
18   9    0.870     0.428      
18   10   0.913     0.509      
Rnd  18   Sec       113.91     
rnd  fold roc_auc   pr_auc     
19   1    0.821     0.330      
19   2    0.775     0.275      
19   3    0.905     0.384      
19   4    0.824     0.449      
19   5    0.742     0.215      
19   6    0.731     0.232      
19   7    0.834     0.341      
19   8    0.796     0.339      
19   9    0.833     0.425      
19   10   0.840     0.353      
Rnd  19   Sec       126.14     
rnd  fold roc_auc   pr_auc     
20   1    0.837     0.379      
20   2    0.804     0.363      
20   3    0.810     0.393      
20   4    0.847     0.362      
20   5    0.810     0.423      
20   6    0.769     0.269      
20   7    0.838     0.363      
20   8    0.842     0.474      
20   9    0.802     0.310      
20   10   0.704     0.271      
[['rnd', 'fold', 'roc_auc', 'pr_auc'], [1, 1, 0.75, 0.66249999999999998], [1, 2, 0.91666666666666674, 0.79166666666666663], [1, 3, 0.91666666666666674, 0.79166666666666663], [1, 4, 0.66666666666666674, 0.29166666666666663], [1, 5, 0.33333333333333337, 0.10000000000000001], [1, 6, 0.16666666666666663, 0.083333333333333329], [1, 7, 0.59999999999999998, 0.6333333333333333], [1, 8, 0.69999999999999996, 0.33333333333333331], [1, 9, 0.80000000000000004, 0.41666666666666663], [1, 10, 0.80000000000000004, 0.41666666666666663], ['Rnd', '1', 'Sec', '8.6'], ['rnd', 'fold', 'roc_auc', 'pr_auc'], [2, 1, 0.38461538461538464, 0.10170454545454546], [2, 2, 0.80769230769230771, 0.2583333333333333], [2, 3, 0.53846153846153844, 0.12777777777777777], [2, 4, 0.65384615384615385, 0.1607142857142857], [2, 5, 0.15384615384615385, 0.041666666666666664], [2, 6, 0.84615384615384615, 0.16666666666666666], [2, 7, 0.83333333333333337, 0.28749999999999998], [2, 8, 0.83333333333333337, 0.29166666666666663], [2, 9, 0.70833333333333337, 0.19583333333333333], [2, 10, 0.75, 0.22500000000000001], ['Rnd', '2', 'Sec', '12.65'], ['rnd', 'fold', 'roc_auc', 'pr_auc'], [3, 1, 0.65000000000000002, 0.1143939393939394], [3, 2, 0.80000000000000004, 0.18333333333333335], [3, 3, 0.77500000000000002, 0.20277777777777778], [3, 4, 0.85000000000000009, 0.21666666666666667], [3, 5, 0.55000000000000004, 0.050000000000000003], [3, 6, 0.5, 0.045454545454545456], [3, 7, 0.57894736842105265, 0.54248366013071891], [3, 8, 0.97368421052631582, 0.79166666666666663], [3, 9, 0.84210526315789469, 0.22500000000000001], [3, 10, 0.65789473684210531, 0.14262820512820512], ['Rnd', '3', 'Sec', '14.06'], ['rnd', 'fold', 'roc_auc', 'pr_auc'], [4, 1, 0.86904761904761907, 0.66215086996336991], [4, 2, 0.60119047619047628, 0.3001786754911755], [4, 3, 0.8928571428571429, 0.78565340909090908], [4, 4, 0.53333333333333333, 0.29309836219693985], [4, 5, 0.96249999999999991, 0.90520156926406925], [4, 6, 0.75, 0.42654706914817209], [4, 7, 0.66874999999999996, 0.35967310284744497], [4, 8, 0.73749999999999993, 0.63724284906270201], [4, 9, 0.83750000000000013, 0.69151190414977171], [4, 10, 0.54374999999999996, 0.28646305394307314], ['Rnd', '4', 'Sec', '15.73'], ['rnd', 'fold', 'roc_auc', 'pr_auc'], [5, 1, 0.85267857142857151, 0.61928222410759171], [5, 2, 0.9464285714285714, 0.80800900488400484], [5, 3, 0.8660714285714286, 0.69816849816849813], [5, 4, 0.7695473251028806, 0.42205633872300541], [5, 5, 0.78703703703703698, 0.38123968502257971], [5, 6, 0.80555555555555558, 0.49007906721901284], [5, 7, 0.86574074074074081, 0.61291567399104152], [5, 8, 0.87037037037037035, 0.6853306415806415], [5, 9, 0.77314814814814814, 0.47949479034037862], [5, 10, 0.64814814814814814, 0.46784139610036257], ['Rnd', '5', 'Sec', '17.63'], ['rnd', 'fold', 'roc_auc', 'pr_auc'], [6, 1, 0.81190476190476191, 0.66033662211501964], [6, 2, 0.838095238095238, 0.64165533971968214], [6, 3, 0.73571428571428565, 0.52819855012774053], [6, 4, 0.75462962962962965, 0.61620874255396285], [6, 5, 0.7382716049382716, 0.62915343749657471], [6, 6, 0.57037037037037042, 0.42679756210715969], [6, 7, 0.71851851851851845, 0.6351354329942166], [6, 8, 0.81975308641975309, 0.83290294241694918], [6, 9, 0.84691358024691366, 0.82446270177452974], [6, 10, 0.71111111111111114, 0.66511626490447262], ['Rnd', '6', 'Sec', '20.97'], ['rnd', 'fold', 'roc_auc', 'pr_auc'], [7, 1, 0.70666666666666678, 0.56319495223085481], [7, 2, 0.81523809523809532, 0.69904194861383573], [7, 3, 0.84571428571428575, 0.74822641304740545], [7, 4, 0.81985294117647056, 0.66309069101188667], [7, 5, 0.90588235294117658, 0.76915219736117568], [7, 6, 0.89803921568627465, 0.80924489502004415], [7, 7, 0.80000000000000004, 0.56096824100176879], [7, 8, 0.78431372549019607, 0.54648620348026322], [7, 9, 0.95882352941176463, 0.94075159408492737], [7, 10, 0.74901960784313726, 0.6680756936002169], ['Rnd', '7', 'Sec', '24.41'], ['rnd', 'fold', 'roc_auc', 'pr_auc'], [8, 1, 0.82857142857142863, 0.60588213648776901], [8, 2, 0.96031746031746024, 0.92027168698895445], [8, 3, 0.82063492063492072, 0.67826579677014198], [8, 4, 0.71646341463414631, 0.57947313483837259], [8, 5, 0.87642276422764231, 0.79656684914996934], [8, 6, 0.93333333333333324, 0.8409637912727157], [8, 7, 0.87317073170731718, 0.77521138210654339], [8, 8, 0.84715447154471546, 0.76268134169988389], [8, 9, 0.91219512195121955, 0.70830370604054815], [8, 10, 0.78048780487804881, 0.65002950435972973], ['Rnd', '8', 'Sec', '28.34'], ['rnd', 'fold', 'roc_auc', 'pr_auc'], [9, 1, 0.92925170068027207, 0.79083832916633423], [9, 2, 0.70748299319727892, 0.42133055504943079], [9, 3, 0.89931972789115644, 0.60177922744623213], [9, 4, 0.88411458333333326, 0.77729398472853184], [9, 5, 0.73055555555555562, 0.47153617984267965], [9, 6, 0.75, 0.51261381280352358], [9, 7, 0.8222222222222223, 0.67543674442630097], [9, 8, 0.94027777777777777, 0.90871252930076452], [9, 9, 0.90138888888888902, 0.70609853291938096], [9, 10, 0.81805555555555554, 0.7086447141366119], ['Rnd', '9', 'Sec', '31.25'], ['rnd', 'fold', 'roc_auc', 'pr_auc'], [10, 1, 0.88809523809523805, 0.63441304142086175], [10, 2, 0.84166666666666667, 0.5544660176714018], [10, 3, 0.75595238095238104, 0.54697133695887656], [10, 4, 0.80113636363636365, 0.7066465274912217], [10, 5, 0.84363636363636374, 0.54817661674496665], [10, 6, 0.90787878787878795, 0.75252219192724856], [10, 7, 0.84848484848484851, 0.62298549656111302], [10, 8, 0.84606060606060607, 0.61629534255999419], [10, 9, 0.88969696969696965, 0.72373765297005122], [10, 10, 0.93939393939393945, 0.82427389326073541], ['Rnd', '10', 'Sec', '34.38'], ['rnd', 'fold', 'roc_auc', 'pr_auc'], [11, 1, 0.83809523809523812, 0.54416111749069929], [11, 2, 0.87301587301587313, 0.6195170650157189], [11, 3, 0.92169312169312168, 0.76088558789511029], [11, 4, 0.76915322580645162, 0.36790263569179382], [11, 5, 0.91612903225806464, 0.71806924745539025], [11, 6, 0.86774193548387091, 0.54768498663284881], [11, 7, 0.74946236559139789, 0.42930433051397326], [11, 8, 0.93225806451612903, 0.81176410299939705], [11, 9, 0.8139784946236559, 0.64463604177709644], [11, 10, 0.81075268817204305, 0.39695868167206916], ['Rnd', '11', 'Sec', '43.33'], ['rnd', 'fold', 'roc_auc', 'pr_auc'], [12, 1, 0.86571428571428566, 0.59422534210510702], [12, 2, 0.90761904761904755, 0.57288896256167532], [12, 3, 0.80857142857142861, 0.3590702395554739], [12, 4, 0.87318840579710155, 0.60328889135476915], [12, 5, 0.7980676328502414, 0.476151588036893], [12, 6, 0.8048309178743962, 0.44388475583557596], [12, 7, 0.85700483091787438, 0.44747829109186804], [12, 8, 0.78260869565217395, 0.42502373326431109], [12, 9, 0.82995169082125608, 0.56798966931531703], [12, 10, 0.89951690821256036, 0.70872206697233153], ['Rnd', '12', 'Sec', '52.34'], ['rnd', 'fold', 'roc_auc', 'pr_auc'], [13, 1, 0.80779220779220773, 0.3546207494728969], [13, 2, 0.82510822510822512, 0.40837217560197986], [13, 3, 0.90303030303030307, 0.52105272856520668], [13, 4, 0.890625, 0.60712713851042466], [13, 5, 0.85438596491228069, 0.52027959599759444], [13, 6, 0.87456140350877187, 0.54174299159469397], [13, 7, 0.83859649122807023, 0.44287197567798142], [13, 8, 0.81578947368421062, 0.40057763418175313], [13, 9, 0.79385964912280704, 0.34841158393190347], [13, 10, 0.85438596491228069, 0.38096905371676076], ['Rnd', '13', 'Sec', '60.09'], ['rnd', 'fold', 'roc_auc', 'pr_auc'], [14, 1, 0.79206349206349203, 0.37030641981479517], [14, 2, 0.83571428571428574, 0.35691706284290764], [14, 3, 0.85714285714285721, 0.52712505966060808], [14, 4, 0.68975903614457834, 0.30904585356372799], [14, 5, 0.87630522088353413, 0.43186358581667506], [14, 6, 0.8393574297188755, 0.43273283118874462], [14, 7, 0.88433734939759046, 0.43515521323564116], [14, 8, 0.88674698795180718, 0.41963310301286166], [14, 9, 0.8393574297188755, 0.51779501264969496], [14, 10, 0.86907630522088342, 0.44416409715587163], ['Rnd', '14', 'Sec', '67.95'], ['rnd', 'fold', 'roc_auc', 'pr_auc'], [15, 1, 0.75531135531135529, 0.30317189532384975], [15, 2, 0.75750915750915748, 0.27127890214124029], [15, 3, 0.78608058608058606, 0.27669634478124888], [15, 4, 0.81597222222222221, 0.52485655697590961], [15, 5, 0.84888888888888903, 0.45435368786454927], [15, 6, 0.87185185185185188, 0.45013957239747587], [15, 7, 0.83407407407407397, 0.40757457031648231], [15, 8, 0.81851851851851853, 0.37131440330082149], [15, 9, 0.8925925925925926, 0.46181417867642904], [15, 10, 0.82814814814814819, 0.38169482374494196], ['Rnd', '15', 'Sec', '77.0'], ['rnd', 'fold', 'roc_auc', 'pr_auc'], [16, 1, 0.82040816326530619, 0.33713761854785534], [16, 2, 0.81156462585034017, 0.3137264927655245], [16, 3, 0.84013605442176864, 0.54907136249042621], [16, 4, 0.76804123711340211, 0.38403491327448352], [16, 5, 0.81786941580756012, 0.45011367874288127], [16, 6, 0.91065292096219941, 0.63994562191967674], [16, 7, 0.90859106529209621, 0.42808708665107015], [16, 8, 0.90103092783505156, 0.58643810136708141], [16, 9, 0.78419243986254294, 0.25070489894803893], [16, 10, 0.75601374570446733, 0.24856123368110439], ['Rnd', '16', 'Sec', '91.65'], ['rnd', 'fold', 'roc_auc', 'pr_auc'], [17, 1, 0.76634920634920634, 0.28033117387558432], [17, 2, 0.84000000000000008, 0.44788994997414666], [17, 3, 0.87873015873015881, 0.38230542789032046], [17, 4, 0.84134615384615385, 0.35263239117947459], [17, 5, 0.82051282051282048, 0.49594973809159826], [17, 6, 0.82564102564102559, 0.28756774000713431], [17, 7, 0.86923076923076925, 0.38538896782653026], [17, 8, 0.83269230769230773, 0.47482945573696278], [17, 9, 0.75064102564102564, 0.26211659217867034], [17, 10, 0.79487179487179493, 0.29809272295010331], ['Rnd', '17', 'Sec', '101.91'], ['rnd', 'fold', 'roc_auc', 'pr_auc'], [18, 1, 0.79464285714285721, 0.29337390535470165], [18, 2, 0.74880952380952381, 0.20186989521982784], [18, 3, 0.82499999999999996, 0.35870833004222558], [18, 4, 0.74436936936936937, 0.21158425428782995], [18, 5, 0.83843843843843846, 0.52071818984192952], [18, 6, 0.89489489489489482, 0.49266252123403553], [18, 7, 0.80180180180180183, 0.34302805190201696], [18, 8, 0.77717717717717716, 0.34625644455525162], [18, 9, 0.87027027027027026, 0.42767675269318806], [18, 10, 0.91291291291291299, 0.50857611136525016], ['Rnd', '18', 'Sec', '113.91'], ['rnd', 'fold', 'roc_auc', 'pr_auc'], [19, 1, 0.82128851540616254, 0.33048648598420027], [19, 2, 0.77535014005602243, 0.27518136375394597], [19, 3, 0.90532212885154051, 0.38363716574752144], [19, 4, 0.82415254237288138, 0.44894089017591415], [19, 5, 0.74180790960451981, 0.21511177414602267], [19, 6, 0.73107344632768356, 0.23181742726423255], [19, 7, 0.83389830508474572, 0.34081070891940624], [19, 8, 0.79604519774011306, 0.33851087822435677], [19, 9, 0.83276836158192091, 0.42461691161210069], [19, 10, 0.83954802259886996, 0.35331876708083976], ['Rnd', '19', 'Sec', '126.14'], ['rnd', 'fold', 'roc_auc', 'pr_auc'], [20, 1, 0.83719008264462813, 0.37893145205571477], [20, 2, 0.80371900826446285, 0.3630739835106323], [20, 3, 0.80991735537190079, 0.39335240823929141], [20, 4, 0.84710743801652899, 0.36220471640364044], [20, 5, 0.80991735537190079, 0.42251554226078314], [20, 6, 0.76903001304915175, 0.26850184197739796], [20, 7, 0.83791666666666664, 0.36324679518664532], [20, 8, 0.84249999999999992, 0.47412323737270751], [20, 9, 0.80249999999999999, 0.30983594189503949], [20, 10, 0.70416666666666661, 0.27141122756024244]]